1981 1 3.94
1981 2 3.99
1981 3 4.06
1981 4 4.11
1981 5 4.29
1981 6 4.3
1981 7 4.32
1981 8 4.3
1981 9 4.47
1981 10 4.5
1981 11 4.53
1981 12 4.55
1982 1 4.65
1982 2 4.69
1982 3 4.78
1982 4 4.86
1982 5 5.17
1982 6 5.2
1982 7 5.23
1982 8 5.23
1982 9 5.41
1982 10 5.66
1982 11 5.68
1982 12 5.74
1983 1 5.86
1983 2 5.87
1983 3 6
1983 4 6.06
1983 5 6.22
1983 6 6.2
1983 7 6.21
1983 8 6.18
1983 9 6.19
1983 10 6.7
1983 11 6.3
1983 12 5.94
1984 1 5.78
1984 2 5.84
1984 3 5.92
1984 4 5.96
1984 5 6.27
1984 6 6.76
1984 7 7.11
1984 8 7.23
1984 9 7.17
1984 10 6.8
1984 11 6.31
1984 12 6.05
1985 1 5.97
1985 2 5.86
1985 3 5.99
1985 4 6.11
1985 5 6.59
1985 6 6.96
1985 7 7.07
1985 8 7.21
1985 9 7.06
1985 10 6.5
1985 11 6.13
1985 12 5.7
1986 1 5.63
1986 2 5.67
1986 3 5.71
1986 4 5.89
1986 5 6.18
1986 6 6.67
1986 7 6.84
1986 8 6.94
1986 9 6.83
1986 10 6.38
1986 11 5.66
1986 12 5.28
1987 1 5.3
1987 2 5.34
1987 3 5.36
1987 4 5.46
1987 5 5.98
1987 6 6.55
1987 7 6.78
1987 8 6.84
1987 9 6.64
1987 10 5.85
1987 11 5.42
1987 12 5.13
1988 1 5.08
1988 2 5.09
1988 3 5.18
1988 4 5.35
1988 5 5.87
1988 6 6.5
1988 7 6.74
1988 8 6.92
1988 9 6.79
1988 10 5.95
1988 11 5.56
1988 12 5.39
1989 1 5.41
1989 2 5.38
1989 3 5.45
1989 4 5.54
1989 5 5.93
1989 6 6.58
1989 7 6.92
1989 8 7.07
1989 9 6.8
1989 10 6.06
1989 11 5.56
1989 12 5.3
1990 1 5.43
1990 2 5.65
1990 3 5.6
1990 4 5.64
1990 5 6
1990 6 6.56
1990 7 7.04
1990 8 7.08
1990 9 6.9
1990 10 6.14
1990 11 5.69
1990 12 5.62
1991 1 5.54
1991 2 5.56
1991 3 5.6
1991 4 5.9
1991 5 6.28
1991 6 6.97
1991 7 7.23
1991 8 7.36
1991 9 6.92
1991 10 6.2
1991 11 5.51
1991 12 5.51
1992 1 5.53
1992 2 5.54
1992 3 5.5
1992 4 5.62
1992 5 6.15
1992 6 6.84
1992 7 7.27
1992 8 7.45
1992 9 7.15
1992 10 6.52
1992 11 6.02
1992 12 5.74
1993 1 5.73
1993 2 5.73
1993 3 5.67
1993 4 6.02
1993 5 6.78
1993 6 7.37
1993 7 7.86
1993 8 8.13
1993 9 7.75
1993 10 6.79
1993 11 6.17
1993 12 6.07
1994 1 5.93
1994 2 6.04
1994 3 6.3
1994 4 6.6
1994 5 6.84
1994 6 7.66
1994 7 8.1
1994 8 8.22
1994 9 7.84
1994 10 6.86
1994 11 6.27
1994 12 6.06
1995 1 5.85
1995 2 5.76
1995 3 5.84
1995 4 6.06
1995 5 6.54
1995 6 7.49
1995 7 7.82
1995 8 8.13
1995 9 7.73
1995 10 6.62
1995 11 5.61
1995 12 5.54
1996 1 5.64
1996 2 5.82
1996 3 5.93
1996 4 6.27
1996 5 6.84
1996 6 7.83
1996 7 8.64
1996 8 8.73
1996 9 7.99
1996 10 7.05
1996 11 6.37
1996 12 6.47
1997 1 6.74
1997 2 6.79
1997 3 6.52
1997 4 6.53
1997 5 6.83
1997 6 8.3
1997 7 8.78
1997 8 8.99
1997 9 8.84
1997 10 7.69
1997 11 6.86
1997 12 6.54
1998 1 6.41
1998 2 6.41
1998 3 6.29
1998 4 6.81
1998 5 7.7
1998 6 8.51
1998 7 8.53
1998 8 9.25
1998 9 8.96
1998 10 7.6
1998 11 6.58
1998 12 6.34
1999 1 6
1999 2 6.29
1999 3 6.06
1999 4 6.44
1999 5 7.3
1999 6 8.2
1999 7 8.83
1999 8 9.14
1999 9 8.63
1999 10 7.56
1999 11 7.15
1999 12 6.51
2000 1 6.37
2000 2 6.54
2000 3 6.91
2000 4 7.19
2000 5 8.26
2000 6 9.5
2000 7 10.32
2000 8 10.37
2000 9 10.1
2000 10 9.44
2000 11 8.58
2000 12 8.56
2001 1 10.12
2001 2 10.26
2001 3 9.85
2001 4 10.16
2001 5 11.14
2001 6 11.58
2001 7 11.22
2001 8 10.89
2001 9 10.17
2001 10 8.24
2001 11 7.98
2001 12 7.3
2002 1 7.38
2002 2 7.23
2002 3 7.1
2002 4 7.66
2002 5 8.54
2002 6 9.58
2002 7 10.31
2002 8 10.44
2002 9 10.23
2002 10 8.61
2002 11 7.99
2002 12 7.87
2003 1 8.18
2003 2 8.58
2003 3 9.77
2003 4 10.18
2003 5 10.79
2003 6 12.08
2003 7 12.75
2003 8 12.84
2003 9 12.31
2003 10 10.64
2003 11 9.77
2003 12 9.51
2004 1 9.71
2004 2 9.85
2004 3 10.03
2004 4 10.54
2004 5 11.63
2004 6 13.08
2004 7 13.54
2004 8 13.74
2004 9 13.31
2004 10 11.69
2004 11 11.44
2004 12 11.09
2005 1 10.9
2005 2 10.87
2005 3 10.84
2005 4 11.88
2005 5 12.74
2005 6 13.79
2005 7 14.86
2005 8 15.51
2005 9 16.56
2005 10 16.44
2005 11 15.64
2005 12 14.6
2006 1 14.92
2006 2 13.98
2006 3 13.17
2006 4 13.27
2006 5 14.41
2006 6 15.07
2006 7 15.72
2006 8 16.18
2006 9 15.71
2006 10 12.51
2006 11 12.45
2006 12 12.53
2007 1 12.17
2007 2 12.13
2007 3 12.81
2007 4 13.31
2007 5 14.69
2007 6 16.28
2007 7 16.71
2007 8 16.71
2007 9 16.03
2007 10 14.57
2007 11 13.04
2007 12 12.34
2008 1 12.24
2008 2 12.58
2008 3 13.13
2008 4 14.49
2008 5 16.33
2008 6 18.91
2008 7 20.77
2008 8 20.17
2008 9 18.41
2008 10 15.45
2008 11 13.8
2008 12 12.84
2009 1 12.49
2009 2 12.26
2009 3 11.98
2009 4 11.68
2009 5 12.86
2009 6 14.26
2009 7 15.27
2009 8 15.61
2009 9 14.8
2009 10 11.78
2009 11 11.48
2009 12 10.42
2010 1 10.56
2010 2 10.69
2010 3 10.99
2010 4 11.97
2010 5 13.12
2010 6 14.86
2010 7 16.21
2010 8 16.65
2010 9 15.63
2010 10 13.37
2010 11 10.89
2010 12 9.98
2011 1 9.9
2011 2 10.14
2011 3 10.43
2011 4 11.27
2011 5 12.5
2011 6 14.7
2011 7 16.14
2011 8 16.67
2011 9 15.63
2011 10 12.85
2011 11 10.78
2011 12 9.83
2012 1 9.62
2012 2 9.47
2012 3 10.41
2012 4 10.94
2012 5 12.61
2012 6 14.18
2012 7 15.13
2012 8 15.82
2012 9 14.72
2012 10 11.68
2012 11 9.99
2012 12 9.8
2013 1 9.15
2013 2 9.23
2013 3 9.35
2013 4 10.43
2013 5 12.61
2013 6 15.02
2013 7 16.3
2013 8 16.43
2013 9 15.69
2013 10 12.38
2013 11 10.04
2013 12 9.14
2014 1 9.26
2014 2 9.77
2014 3 10.7
2014 4 11.76
2014 5 13.6
2014 6 16.13
2014 7 17.23
2014 8 17.41
2014 9 16.27
2014 10 13.11
2014 11 10.19
2014 12 10.01
2015 1 9.5
2015 2 9.08
2015 3 9.28
2015 4 10.43
2015 5 12.73
2015 6 15.07
2015 7 16.28
2015 8 16.88
2015 9 16.4
2015 10 12.6
2015 11 10.02
2015 12 9.27
2016 1 8.28
2016 2 8.36
2016 3 9.19
2016 4 9.65
2016 5 11.62
2016 6 14.43
2016 7 16.56
2016 8 17.6
2016 9 16.78
2016 10 13.74
2016 11 10.77
2016 12 9.06
2017 1 9.32
2017 2 10.01
2017 3 9.86
2017 4 11.34
2017 5 13.25
2017 6 16.06
2017 7 17.86
2017 8 18.22
2017 9 16.92
2017 10 13.39
2017 11 10.14
2017 12 9.29
2018 1 8.9
2018 2 9.63
2018 3 9.76
2018 4 10.05
2018 5 13.52
2018 6 16.47
2018 7 17.85
2018 8 18.56
2018 9 17.23
2018 10 12.22
2018 11 9.42
2018 12 9.62
2019 1 9.36
2019 2 9.4
2019 3 9.42
2019 4 10.85
2019 5 12.76
2019 6 15.55
2019 7 17.74
2019 8 18.38
2019 9 17.61
2019 10 12.5
2019 11 9.33
2019 12 9.3
2020 1 9.51
2020 2 9.12
2020 3 9.85
2020 4 10.66
2020 5 11.85
2020 6 15.37
2020 7 17.57
